nb_A,nb_W,nb_A_W,nb_A_ma,nb_W_ma
1,0,1,1.0,0.0
0,0
192,28,220,96.5,14.0
0,0
461,65,526,218.0,31.0
0,0
1069,71,1140,430.75,41.0
0,0
722,80,802,489.0,48.8
0,0
680,82,762,520.83,54.33
0,0
1167,59,1226,613.14,55.0
0,0
623,46,669,614.38,53.88
0,0
1381,75,1456,699.56,56.22
0,0
410,72,482,670.6,57.8
0,0
741,92,833,744.6,67.0
0,0
661,68,729,791.5,71.0
0,0
995,169,1164,844.9,81.4
0,0
403,44,447,778.3,78.7
0,0
1314,51,1365,837.5,75.8
0,0
452,41,493,814.7,71.7
0,0
42,1,43,702.2,65.9
0,0
2313,231,2544,871.2,84.4
0,0
1690,149,1839,902.1,91.8
0,0
3105,195,3300,1171.6,104.1
0,0
2932,93,3025,1390.7,104.2
0,0
159,20,179,1340.5,99.4
0,0
1350,112,1462,1376.0,93.7
0,0
189,54,243,1354.6,94.7
658.214,34.166306
1184,164,1348,1341.6,106.0
2222.826,88.76232
267,34,301,1323.1,105.3
779.60236,38.402496
1238,108,1346,1442.7,116.0
2191.7554,87.67813
338,19,357,1245.2,94.8
802.06616,39.186264
846,111,957,1160.8,91.0
1652.526,68.86139
688,52,740,919.1,76.7
1327.9596,57.53678
376,39,415,663.5,71.3
977.323,45.300304
948,134,1082,742.4,82.7
1797.3602,73.916145
208,27,235,628.2,74.2
734.7266,36.835712
680,43,723,677.3,73.1
1458.5875,62.093353
237,20,257,582.6,58.7
816.1918,39.677914
739,91,830,629.8,64.4
1591.3407,66.726364
767,47,814,582.7,58.3
1486.984,63.085987
574,47,621,606.3,61.1
1222.5985,53.859787
662,44,706,587.9,54.4
1332.7267,57.702282
471,72,543,566.2,56.4
1115.814,50.133465
1428,149,1577,671.4,67.4
2396.7532,94.83266
534,169,703,630.0,70.9
1049.5331,47.823067
1189,194,1383,728.1,87.6
2010.1798,81.34274
1096,149,1245,769.7,98.2
1750.369,72.278206
729,41,770,818.9,100.3
1295.7683,56.41334
905,37,942,835.5,94.9
1559.9677,65.63201
658,104,762,824.6,100.6
1299.2019,56.533485
1035,68,1103,870.7,102.7
1824.9596,74.87934
589,72,661,863.4,105.5
1173.5476,52.14902
1118,189,1307,928.1,117.2
1956.473,79.469154
754,125,879,860.7,114.8
1358.7594,58.612576
911,303,1214,898.4,128.2
1665.7295,69.32445
257,9,266,805.2,109.7
722.1616,36.3966
1018,151,1169,797.4,109.9
1866.5391,76.32972
974,112,1086,821.9,117.0
1723.017,71.32346
721,13,734,803.5,114.6
1330.9999,57.642677
1431,164,1595,880.8,120.6
2269.9414,90.40795
631,23,654,840.4,116.1
1111.9657,50.00045
1800,176,1976,961.5,126.5
2752.082,107.23209
732,190,922,922.9,126.6
1178.0044,52.30688
1746,108,1854,1022.1,124.9
2613.5422,102.39697
211,21,232,952.1,96.7
434.43057,26.35798
884,73,957,1014.8,103.1
1683.1927,69.93046
1067,73,1140,1019.7,95.3
1825.994,74.916336
742,44,786,996.5,88.5
1394.5725,59.861473
1758,42,1800,1100.2,91.4
2666.9946,104.26263
1986,151,2137,1155.7,90.1
2760.8975,107.54254
1815,144,1959,1274.1,102.2
2439.7612,96.33607
1099,96,1195,1204.0,94.2
1454.528,61.9546
404,51,455,1171.2,80.3
777.4023,38.323826
2573,154,2727,1253.9,84.9
3805.19,143.98001
1378,95,1473,1370.6,92.3
1898.294,77.44318
679,104,783,1350.1,95.4
1094.413,49.38713
1255,80,1335,1368.9,96.1
1941.599,78.94883
350,25,375,1329.7,94.2
847.69086,40.777733
1264,109,1373,1280.3,100.9
2200.3704,87.97876
114,12,126,1093.1,87.0
533.536,29.81562
1015,86,1101,1013.1,81.2
1898.0779,77.42938
312,21,333,934.4,73.7
851.3604,40.90595
727,75,802,966.7,76.1
1545.5292,65.12763
708,82,790,780.2,68.9
1399.5839,60.036232
1042,136,1178,746.6,73.0
1849.8732,75.74928
105,20,125,689.2,64.6
536.5707,29.920826
1961,71,2032,759.8,63.7
3067.724,118.24485
698,85,783,794.6,69.7
1150.5175,51.347813
375,35,410,705.7,62.3
892.6905,42.34629
903,68,971,784.6,67.9
1647.1472,68.67369
101,10,111,693.2,60.3
638.3611,33.472572
1092,156,1248,771.2,73.8
2066.759,83.31645
2354,294,2648,933.9,95.7
3497.016,133.22987
1498,181,1679,1012.9,105.6
2015.0021,81.515495
230,16,246,931.7,93.6
374.37628,24.260626
680,96,776,989.2,101.2
1327.7242,57.526184
170,20,190,810.1,96.1
782.11255,38.488358
1309,123,1432,871.2,99.9
2367.1765,93.79987
813,77,890,915.0,104.1
1455.8191,62.000233
265,14,279,851.2,98.7
759.2285,37.689827
1180,90,1270,959.1,106.7
2050.9658,82.765236
1206,76,1282,970.5,98.7
1967.2546,79.84646
677,83,760,802.8,77.6
1204.0747,53.21439
1074,62,1136,760.4,65.7
1762.7609,72.70846
553,26,579,792.7,66.7
1100.8047,49.610065
1664,117,1781,891.1,68.8
2642.7053,103.41491
657,52,709,939.8,72.0
1128.2284,50.568893
1325,121,1446,941.4,71.8
2117.8706,85.100365
440,30,470,904.1,67.1
864.94476,41.380196
1767,194,1961,1054.3,85.1
2811.1523,109.29289
238,87,325,960.1,84.8
581.6863,31.497402
2158,185,2343,1055.3,95.7
3286.6218,125.88397
931,118,1049,1080.7,99.2
1342.4135,58.044613
968,123,1091,1070.1,105.3
1598.5353,66.97801
858,40,898,1100.6,106.7
1426.7959,60.98538
747,49,796,1008.9,99.9
1401.6106,60.106342
