nb_A,nb_W,nb_A_W,nb_A_ma,nb_W_ma
1914,160,2074,1914.0,160.0
0,0
5761,560,6321,3837.5,360.0
0,0
5128,238,5366,4267.67,319.33
0,0
7379,524,7903,5045.5,370.5
0,0
4899,842,5741,5016.2,464.8
0,0
3753,580,4333,4805.67,484.0
0,0
6489,578,7067,5046.14,497.43
0,0
3871,431,4302,4899.25,489.12
0,0
6321,564,6885,5057.22,497.44
0,0
4425,518,4943,4994.0,499.5
0,0
4145,377,4522,5217.1,521.2
0,0
2900,154,3054,4931.0,480.6
0,0
4181,349,4530,4836.3,491.7
0,0
5179,288,5467,4616.3,468.1
0,0
4930,300,5230,4619.4,413.9
0,0
3353,465,3818,4579.4,402.4
0,0
5103,290,5393,4440.8,373.6
0,0
3404,224,3628,4394.1,352.9
0,0
2819,205,3024,4043.9,317.0
0,0
6953,552,7505,4296.7,320.4
0,0
5415,264,5679,4423.7,309.1
0,0
6815,480,7295,4815.2,341.7
0,0
5192,224,5416,4916.3,329.2
0,0
4532,334,4866,4851.6,333.8
5400.08,204.81
4002,232,4234,4758.8,327.0
4928.71,188.02
3893,269,4162,4812.8,307.4
4912.86,187.46
4500,307,4807,4752.5,309.1
5394.98,204.63
5876,445,6321,4999.7,331.2
6557.63,246.05
3094,300,3394,5027.2,340.7
4717.41,180.5
5114,404,5518,4843.3,325.9
5706.4,215.72
3762,303,4065,4678.0,329.8
4973.31,189.61
5521,353,5874,4548.6,317.1
6030.72,227.28
3270,235,3505,4356.4,318.2
4594.17,176.11
4456,292,4748,4348.8,314.0
5133.82,195.33
7610,335,7945,4709.6,324.3
7564.84,281.92
5109,156,5265,4831.2,313.0
6160.27,231.89
4670,247,4917,4848.2,307.0
5473.85,207.44
3835,240,4075,4644.1,286.5
4807.39,183.7
6299,353,6652,4964.6,291.8
6621.76,248.33
