nb_A,nb_W,nb_A_W,nb_A_ma,nb_W_ma
0,1,1,0.0,1.0
0,0
130,21,151,65.0,11.0
0,0
737,83,820,289.0,35.0
0,0
161,22,183,257.0,31.75
0,0
1998,212,2210,605.2,67.8
0,0
708,75,783,622.33,69.0
0,0
1420,109,1529,736.29,74.71
0,0
264,37,301,677.25,70.0
0,0
1105,435,1540,724.78,110.56
0,0
238,90,328,676.1,108.5
0,0
1861,266,2127,862.2,135.0
0,0
1009,43,1052,950.1,137.2
0,0
701,64,765,946.5,135.3
0,0
909,111,1020,1021.3,144.2
0,0
244,27,271,845.9,125.7
0,0
1803,146,1949,955.4,132.8
0,0
422,9,431,855.6,122.8
0,0
1256,202,1458,954.8,139.3
0,0
620,87,707,906.3,104.5
0,0
525,86,611,935.0,104.1
0,0
1043,72,1115,853.2,84.7
0,0
305,25,330,782.8,82.9
0,0
583,30,613,771.0,79.5
0,0
318,21,339,711.9,70.5
943.13605,44.107456
642,10,652,751.7,68.8
1440.4594,61.4611
1236,50,1286,695.0,59.2
2096.666,84.361046
286,14,300,681.4,59.7
761.2311,37.761105
456,41,497,601.4,43.6
1096.1244,49.4449
500,36,536,589.4,38.5
1193.8733,52.85672
992,69,1061,636.1,36.8
1864.052,76.24345
468,26,494,578.6,32.2
1044.0743,47.630745
336,36,372,581.7,33.3
952.4149,44.43066
287,36,323,552.1,33.9
949.43726,44.32673
1439,152,1591,664.2,47.0
2500.7053,98.46002
554,22,576,655.4,48.2
1081.5116,48.93832
1100,30,1130,641.8,46.2
1833.1305,75.163635
1050,38,1088,718.2,48.6
1692.4745,70.25709
1467,80,1547,819.3,52.5
2271.3687,90.457794
1139,38,1177,883.2,52.7
1714.0204,71.00956
875,20,895,871.5,47.8
1412.356,60.48151
677,29,706,892.4,48.1
1254.5105,54.97301
495,28,523,908.3,47.3
1135.4089,50.816696
564,26,590,936.0,46.3
1291.1611,56.251625
1258,14,1272,917.9,32.5
2137.5164,85.78592
1004,31,1035,962.9,33.4
1671.9218,69.54044
775,24,799,930.4,32.8
1365.936,58.861706
495,30,525,874.9,32.0
1054.5491,47.9952
977,76,1053,825.9,31.6
1784.7355,73.47527
440,33,473,756.0,31.1
1029.737,47.13026
1,0,1,668.6,29.1
552.8953,30.488878
4122,305,4427,1013.1,56.7
5984.5894,220.03253
3228,187,3415,1286.4,72.6
3903.6309,147.42538
3088,80,3168,1538.8,78.0
3495.6145,133.18152
2763,612,3375,1689.3,137.8
3141.7556,120.83636
611,50,661,1650.0,139.7
557.88763,30.66573
935,488,1423,1666.0,186.1
1595.6676,66.87845
1999,182,2181,1816.4,201.3
3049.376,117.606804
403,14,417,1759.0,195.1
743.8694,37.156605
1587,46,1633,1873.7,196.4
2478.6917,97.69021
2186,51,2237,2092.2,201.5
3076.446,118.553024
493,10,503,1729.3,172.0
736.7304,36.907597
2813,76,2889,1687.8,160.9
3928.8628,148.29495
576,9,585,1436.6,153.8
707.9217,35.904137
1176,83,1259,1277.9,100.9
1848.4336,75.696754
1020,77,1097,1318.8,103.6
1633.1683,68.18764
2150,88,2238,1440.3,63.6
3158.469,121.41338
1,0,1,1240.5,45.4
130.68315,15.759196
1789,129,1918,1379.1,56.9
2838.8127,110.25596
602,57,659,1280.6,58.0
1048.1729,47.77553
302,11,313,1092.2,54.0
883.2861,42.01762
581,28,609,1101.0,55.8
1296.3237,56.43112
419,16,435,861.6,49.8
1123.759,50.410156
673,23,696,871.3,51.2
1465.0144,62.318256
795,29,824,833.2,45.8
1535.489,64.77821
838,66,904,815.0,44.7
1554.061,65.4266
1333,77,1410,733.3,43.6
2129.9275,85.52184
373,16,389,770.5,45.2
808.9088,39.424755
1513,43,1556,742.9,36.6
2402.9753,95.048256
1621,168,1789,844.8,47.7
2399.734,94.9392
846,59,905,899.2,52.5
1331.7146,57.668827
1202,163,1365,961.3,66.0
1879.6545,76.78825
669,223,892,986.3,86.7
1252.8762,54.917973
493,54,547,968.3,89.8
1112.9845,50.03397
547,72,619,943.5,94.1
1230.319,54.128635
372,20,392,896.9,89.5
1046.0348,47.697895
1178,58,1236,881.4,87.6
2092.8992,84.228874
1440,96,1536,988.1,95.6
2268.2017,90.34845
1889,84,1973,1025.7,99.7
2682.474,104.80469
591,49,640,922.7,87.8
847.4145,40.76951
602,42,644,898.3,86.1
1147.869,51.250465
338,17,355,811.9,71.5
918.929,43.262234
763,91,854,821.3,58.3
1617.4342,67.63714
884,59,943,860.4,58.8
1670.4672,69.48887
1131,70,1201,918.8,58.6
1901.7151,77.558464
1335,129,1464,1015.1,69.5
2084.3733,83.93322
664,37,701,963.7,67.4
1140.5636,50.997936
871,55,926,906.8,63.3
1523.7473,64.36771
529,59,588,770.8,60.8
1118.1981,50.216766
787,83,870,790.4,64.2
1561.591,65.68862
812,88,900,811.4,68.8
1538.4224,64.88112
645,58,703,842.1,72.9
1304.8156,56.72896
2933,213,3146,1059.1,85.1
4244.174,159.3003
2107,122,2229,1181.4,91.4
2653.5723,103.79998
326,79,405,1100.9,92.3
386.2254,24.675581
1437,357,1794,1111.1,115.1
2235.2683,89.19691
1675,63,1738,1212.2,117.7
2481.8213,97.802315
89,0,89,1134.0,112.2
373.64035,24.236118
1873,174,2047,1268.4,123.7
2937.7832,113.71077
323,32,355,1222.0,118.6
683.01874,35.03349
210,18,228,1161.8,111.6
807.8557,39.385094
1909,164,2073,1288.2,122.2
3048.9895,117.59252
858,59,917,1080.7,106.8
1388.0468,59.636223
1012,61,1073,971.2,100.7
1633.7562,68.2069
231,16,247,961.7,94.4
634.38666,33.333782
712,30,742,889.2,61.7
1475.3134,62.676624
1472,110,1582,868.9,66.4
2426.442,95.869225
132,8,140,873.2,67.2
544.48615,30.198122
1308,57,1365,816.7,55.5
2179.3633,87.24477
663,55,718,850.7,57.8
1221.9534,53.838722
348,52,400,864.5,61.2
966.0849,44.90795
647,41,688,738.3,48.9
1352.4022,58.388313
1160,85,1245,768.5,51.5
2033.3535,82.15167
551,47,598,722.4,50.1
1120.0934,50.283802
671,51,722,766.4,53.6
1341.2585,57.999737
733,182,915,768.5,68.8
1463.6917,62.27357
1185,30,1215,739.8,60.8
1992.5148,80.726204
688,36,724,795.4,63.6
1244.9753,54.641556
861,60,921,750.7,63.9
1546.3356,65.15633
573,145,718,741.7,72.9
1198.9404,53.03499
575,98,673,764.4,77.5
1277.549,55.77703
703,116,819,770.0,85.0
1438.3153,61.387474
483,55,538,702.3,82.0
1125.4233,50.46881
172,15,187,664.4,78.8
761.5132,37.769127
775,92,867,674.8,82.9
1631.8896,68.141396
485,57,542,650.0,70.4
1154.1261,51.47098
904,86,990,621.9,76.0
1706.9012,70.759544
456,45,501,598.7,76.9
1026.6462,47.022446
251,23,274,537.7,73.2
849.4454,40.83741
1063,107,1170,586.7,69.4
1958.1329,79.52611
394,40,434,568.6,63.6
971.56537,45.100853
570,57,627,555.3,57.7
1263.4094,55.28302
937,87,1024,600.7,60.9
1717.2201,71.11993
698,84,782,653.3,67.8
1375.2695,59.188107
756,115,871,651.4,70.1
1444.7334,61.61152
608,94,702,663.7,73.8
1245.6521,54.66447
1148,145,1293,688.1,79.7
1981.0941,80.32814
633,95,728,705.8,84.7
1214.5597,53.58052
182,34,216,698.9,85.8
708.19226,35.90859
409,19,428,633.5,77.0
1098.8516,49.54003
3072,304,3376,901.3,103.4
4599.8696,171.71306
1200,150,1350,964.3,112.7
1548.5032,65.23893
851,84,935,955.7,112.4
1214.3286,53.570778
1787,100,1887,1064.6,114.0
2530.192,99.488655
716,87,803,1060.6,111.2
1191.415,52.77372
359,29,388,1035.7,104.7
892.2864,42.332367
332,27,359,954.1,92.9
952.01337,44.41634
279,31,310,918.7,86.5
1010.13586,46.44487
832,36,868,983.7,86.7
1731.8668,71.63034
823,34,857,1025.1,88.2
1577.9618,66.26108
610,65,675,778.9,64.3
1211.2711,53.464817
544,32,576,713.3,52.5
1160.8794,51.705425
507,57,564,678.9,49.8
1184.9364,52.545063
485,63,548,548.7,46.1
1184.749,52.538605
415,67,482,518.6,44.1
1103.3978,49.699863
802,81,883,562.9,49.3
1613.0302,67.483765
226,33,259,552.3,49.9
793.60297,38.88999
486,72,558,573.0,54.0
1228.9692,54.080994
838,29,867,573.6,53.3
1629.5535,68.06028
298,19,317,521.1,51.8
878.41736,41.849586
822,50,872,542.3,50.3
1614.238,67.52525
626,31,657,550.5,50.2
1280.152,55.8685
682,57,739,568.0,50.2
1388.0325,59.63248
725,67,792,592.0,50.6
1415.4812,60.590595
624,163,787,612.9,60.2
1319.8351,57.25363
887,45,932,621.4,56.6
1622.8776,67.827415
1233,120,1353,722.1,65.3
2024.3011,81.836494
476,33,509,721.1,61.4
964.16693,44.842514
292,29,321,666.5,61.4
853.4414,40.976654
1635,99,1734,800.2,69.4
2679.3982,104.695015
624,48,672,780.4,69.2
1145.019,51.155025
466,62,528,764.4,72.3
1046.7396,47.72235
399,39,438,736.1,70.5
1005.5862,46.286205
747,39,786,738.3,67.7
1557.6134,65.549545
585,59,644,734.4,57.3
1278.8218,55.82215
810,47,857,726.7,57.5
1559.4839,65.6153
922,92,1014,695.6,54.7
1636.2642,68.29544
2013,150,2163,849.3,66.4
3013.54,116.35675
644,20,664,884.5,65.5
975.51447,45.240192
799,61,860,800.9,61.7
1375.8434,59.206116
1407,146,1553,879.2,71.5
2232.8782,89.11454
1403,61,1464,972.9,71.4
2149.604,86.20957
1004,76,1080,1033.4,75.1
1554.2106,65.432785
754,47,801,1034.1,75.9
1293.4572,56.332302
674,69,743,1043.0,76.9
1311.2424,56.95275
729,95,824,1034.9,81.7
1465.4934,62.33573
600,117,717,1002.7,84.2
1298.7915,56.519005
646,67,713,866.0,75.9
1334.644,57.769382
414,20,434,843.0,75.9
1038.8464,47.447247
4275,421,4696,1190.6,111.9
6120.491,224.77663
523,65,588,1102.2,103.8
355.112,23.596853
1941,211,2152,1156.0,118.8
2674.089,104.50825
1291,196,1487,1184.7,130.8
1703.9832,70.660934
432,18,450,1152.5,127.9
896.0664,42.464813
2064,51,2115,1291.5,126.1
3081.8313,118.73758
1771,66,1837,1395.7,123.2
2472.875,97.492134
391,17,408,1374.8,113.2
671.64276,34.635063
762,86,848,1386.4,115.1
1399.9094,60.045586
26,1,27,1347.6,113.2
562.5506,30.826595
1171,61,1232,1037.2,77.2
2151.0598,86.25737
49,8,57,989.8,71.5
537.8178,29.965141
2233,117,2350,1019.0,62.1
3471.8674,132.348
247,19,266,914.6,44.4
470.66293,27.624157
792,22,814,950.6,44.8
1506.7898,63.77432
609,43,652,805.1,44.0
1205.4608,53.26186
578,61,639,685.8,43.5
1312.0895,56.98209
544,55,599,701.1,47.3
1237.5198,54.380184
251,17,268,650.0,40.4
865.2643,41.3897
976,78,1054,745.0,48.1
1872.0269,76.52112
238,23,261,651.7,44.3
785.0184,38.590836
777,96,873,724.5,53.1
1601.3541,67.07571
1049,129,1178,606.1,54.3
1828.2065,74.99368
503,76,579,631.7,60.0
1080.1003,48.88795
810,30,840,633.5,60.8
1505.0913,63.716576
83,12,95,580.9,57.7
572.1072,31.160427
2214,248,2462,744.5,76.4
3509.2563,133.65381
1052,92,1144,795.3,80.1
1541.6577,64.99773
211,41,252,791.3,82.5
563.561,30.86186
695,50,745,763.2,79.7
1353.2521,58.417202
306,28,334,770.0,80.2
964.9931,44.870304
489,61,550,741.2,76.7
1272.327,55.594345
1216,126,1342,757.9,76.4
2131.7756,85.586426
204,33,237,728.0,72.1
669.9368,34.575523
1047,80,1127,751.7,77.1
1886.9327,77.0408
812,66,878,824.6,82.5
1475.0605,62.670723
298,36,334,633.0,61.3
828.63214,40.111927
915,68,983,619.3,58.9
1706.218,70.73492
486,25,511,646.8,57.3
1105.5233,49.774807
